1.27797543
1.179007216
1.255717675
0.984518286
1.20429214
1.114081842
1.021031322
1.15554859
1.290389971
1.165916853
1.02269937
1.136420774
1.285486077
0.625609674
1.063083498
1.139864491
1.070023838
1.125932689
1.217898406
0.803229896
0.873995663
0.943804735
1.212203099
1.250195477
1.310919391
1.22942926
1.372577955
1.005840367
1.096574402
1.149750533
1.213181491
0.979833611
1.292486401
1.182565111
1.005984818
1.232534688
1.298291392
1.046383348
1.222466549
1.175292333
0.980894944
1.284546775
1.174043338
1.077160497
0.945860217
1.219065263
1.363987044
0.761314007
0.84229983
1.211642634
1.132234011
1.023235229
0.890176308
1.146349901
1.202409419
0.921912119
1.122196309
1.161770152
1.21480788
0.907156884
1.291185403
0.996064816
1.135117052
1.359024355
0.912816219
1.061051566
1.333545003
1.45241471
1.011930126
1.166492617
1.245547126
1.26850535
1.15779808
1.071869866
1.049278838
0.919979146
1.36098501
1.189969944
1.259018241
1.148732781
0.91295906
0.914880762
1.024904555
1.191731775
0.718550733
1.350486195
1.444250288
0.977382471
1.50600923
0.881370655
0.641321453
0.787951397
0.96973315
1.362604806
1.33839287
1.133813526
1.274532046
1.242437952
1.035792404
1.259180952
1.136348936
0.838342783
1.188530964
1.233916605
0.795348139
1.090898131
1.335154568
0.971321962
0.91684435
1.080810469
1.058221492
0.930574478
1.18336075
1.418726012
0.734654007
1.072096947
1.190954831
1.29328352
0.869421519
1.053572405
1.197456813
1.184864136
1.100370447
1.224871914
1.163487154
1.01950588
1.048632644
1.023893899
0.857052319
1.062041457
1.216752391
0.912487741
1.076372839
1.02007915
0.981835493
1.123622477
1.244310528
0.884162654
0.976181314
1.026508331
1.082354181
1.231512418
1.466737363
1.113712375
0.966282768
0.903020851
1.031204952
1.099836546
0.946455505
1.128791851